,Forest,Shrubland,Wetland,Natural Grassland,Pastureland,Cropland,Water,Total
Forest,16317,24,78,76,224,3,11,16733
Shrubland,61,35,50,103,16,0,0,265
Wetland,30,9,159,38,3,0,14,253
Natural Grassland,27,7,173,420,8,0,0,635
Pastureland,296,24,20,94,3015,45,0,3494
Cropland,29,1,3,17,166,337,0,553
Water,19,1,13,5,3,0,351,392
Total,16779,101,496,753,3435,385,376,22325
